1576203440.8554425
1576203440.9749773
1576203441.4625442
1576203441.6073768
1576203441.8950572
1576203441.999216
1576203442.079082
1576203442.1832385
1576203442.255154
1576203442.3514252
1576203442.4312327
1576203442.5269632
1576203442.7516487
1576203442.8791196
1576203443.0234635
1576203443.1593695
1576203443.1911137
1576203443.2466657
1576203443.5110323
1576203443.6072617
1576203443.655369
1576203443.6712415
1576203443.6871133
1576203443.7912722
1576203443.9033692
1576203444.014968
1576203444.1751769
1576203444.2629683
1576203444.2709045
1576203444.3676305
1576203444.3750646
1576203444.462868
1576203444.4713008
1576203444.4722822
1576203444.5268466
1576203444.543215
1576203444.5595868
1576203444.6156244
1576203444.6870484
1576203444.6949956
1576203444.7912078
1576203444.8150158
1576203444.8229518
1576203444.9112403
1576203444.918695
1576203444.927112
1576203444.9831917
1576203444.9990318
1576203445.0079646
1576203445.095257
1576203445.1112492
1576203445.1270125
1576203445.1428723
1576203445.1602323
1576203445.207366
1576203445.214791
1576203445.2549675
1576203445.3268886
1576203445.3358178
1576203445.3363116
1576203445.4146814
1576203445.4231117
1576203445.4315445
1576203445.5352068
1576203445.5433233
1576203445.5441368
1576203445.5510788
1576203445.599192
1576203445.6552405
1576203445.678551
1576203445.6869829
1576203445.7509665
1576203445.7827346
1576203445.7906518
1576203445.8630636
1576203445.8789363
1576203445.9191115
1576203445.9751604
